0 1.333384087795635
1 1.3333808270380132
2 1.3333777109156133
3 1.33337473941796
4 1.3333719125157655
5 1.3333692301609343
6 1.3333666922865743
7 1.3333642988070011
8 1.3333620496177527
9 1.3333599445956008
10 1.3333579835985656
11 1.3333561664659326
12 1.3333544930182697
13 1.3333529630574494
14 1.3333515763666701
15 1.3333503327104774
16 1.3333492318347948
17 1.3333482734669462
18 1.3333474573156883
19 1.3333467830712398
20 1.333346250405316
21 1.3333458589711633
22 1.3333456084035944
23 1.333345498319029
24 1.3333455283155313
25 1.3333456979728566
26 1.3333460068524905
27 1.3333464544976976
28 1.3333470404335683
29 1.333347764167069
30 1.3333486251870934
31 1.333349622964515
32 1.3333507569522431
33 1.3333520265852792
34 1.3333534312807764
35 1.3333549704381007
36 1.3333566434388915
37 1.333358449647128
38 1.3333603884091954
39 1.3333624590539521
40 1.3333646608927998
41 1.3333669932197578
42 1.3333694553115336
43 1.3333720464276004
44 1.333374765810275
45 1.3333776126847967
46 1.333380586259408
47 1.3333836857254393
48 1.3333869102573932
49 1.3333902590130329
50 1.3333937311334694
51 1.3333973257432525
52 1.3334010419504658
53 1.3334048788468198
54 1.3334088355077471
55 1.3334129109925048
56 1.3334171043442715
57 1.3334214145902505
58 1.333425840741776
59 1.333430381794417
60 1.333435036728087
61 1.333439804507152
62 1.333444684080546
63 1.333449674381882
64 1.3334547743295688
65 1.333459982826929
66 1.333465298762319
67 1.33347072100925
68 1.333476248426513
69 1.333481879858302
70 1.333487614134344
71 1.3334934500700273
72 1.3334993864665334
73 1.33350542211097
74 1.3335115557765054
75 1.3335177862225087
76 1.3335241121946853
77 1.3335305324252211
78 1.333537045632924
79 1.33354365052337
80 1.3335503457890485
81 1.3335571301095126
82 1.3335640021515305
83 1.3335709605692372
84 1.3335780040042893
85 1.3335851310860223
86 1.3335923404316097
87 1.3335996306462226
88 1.3336070003231917
89 1.3336144480441743
90 1.3336219723793177
91 1.3336295718874298
92 1.3336372451161473
93 1.3336449906021104
94 1.3336528068711344
95 1.333660692438387
96 1.333668645808566
97 1.3336766654760785
98 1.333684749925224
99 1.3336928976303757
100 1.333701107056168
101 1.3337093766576826
102 1.3337177048806381
103 1.3337260901615808
104 1.333734530928078
105 1.3337430255989116
106 1.3337515725842763
107 1.3337601702859765
108 1.3337688170976272
109 1.3337775114048551
110 1.3337862515855041
111 1.333795036009838
112 1.3338038630407514
113 1.3338127310339747
114 1.3338216383382884
115 1.3338305832957342
116 1.333839564241827
117 1.3338485795057764
118 1.3338576274106968
119 1.333866706273833
120 1.3338758144067784
121 1.3338849501156973
122 1.3338941117015486
123 1.3339032974603142
124 1.3339125056832237
125 1.3339217346569832
126 1.333930982664007
127 1.3339402479826494
128 1.3339495288874368
129 1.3339588236493043
130 1.3339681305358297
131 1.3339774478114743
132 1.333986773737819
133 1.3339961065738064
134 1.3340054445759824
135 1.3340147859987386
136 1.3340241290945585
137 1.3340334721142622
138 1.334042813307252
139 1.3340521509217627
140 1.3340614832051105
141 1.3340708084039423
142 1.3340801247644885
143 1.3340894305328153
144 1.3340987239550783
145 1.334108003277778
146 1.3341172667480141
147 1.334126512613744
148 1.3341357391240392
149 1.3341449445293438
150 1.334154127081734
151 1.3341632850351797
152 1.334172416645802
153 1.3341815201721385
154 1.3341905938754037
155 1.3341996360197514
156 1.3342086448725397
157 1.3342176187045949
158 1.3342265557904742
159 1.3342354544087343
160 1.3342443128421924
161 1.3342531293781965
162 1.3342619023088886
163 1.334270629931473
164 1.334279310548481
165 1.3342879424680403
166 1.3342965240041398
167 1.3343050534768992
168 1.3343135292128327
169 1.3343219495451202
170 1.334330312813871
171 1.3343386173663934
172 1.3343468615574592
173 1.3343550437495724
174 1.3343631623132344
175 1.3343712156272094
176 1.334379202078792
177 1.3343871200640702
178 1.3343949679881917
179 1.3344027442656266
180 1.3344104473204321
181 1.3344180755865143
182 1.3344256275078912
183 1.334433101538953
184 1.3344404961447243
185 1.3344478098011205
186 1.3344550409952107
187 1.3344621882254701
188 1.3344692500020408
189 1.3344762248469852
190 1.3344831112945401
191 1.3344899078913688
192 1.334496613196814
193 1.3345032257831473
194 1.334509744235817
195 1.3345161671536963
196 1.3345224931493276
197 1.334528720849167
198 1.334534848893827
199 1.3345408759383135
200 1.3345468006522696
201 1.3345526217202073
202 1.3345583378417443
203 1.3345639477318365
204 1.3345694501210081
205 1.334574843755579
206 1.334580127397892
207 1.3345852998265357
208 1.334590359836567
209 1.334595306239728
210 1.3346001378646655
211 1.3346048535571413
212 1.3346094521802465
213 1.3346139326146087
214 1.3346182937585984
215 1.3346225345285314
216 1.334626653858871
217 1.3346306507024221
218 1.3346345240305295
219 1.3346382728332664
220 1.3346418961196236
221 1.3346453929176958
222 1.3346487622748613
223 1.3346520032579636
224 1.3346551149534835
225 1.3346580964677146
226 1.3346609469269284
227 1.3346636654775434
228 1.334666251286284
229 1.334668703540338
230 1.3346710214475144
231 1.3346732042363907
232 1.3346752511564624
233 1.3346771614782844
234 1.3346789344936132
235 1.3346805695155384
236 1.334682065878619
237 1.334683422939008
238 1.3346846400745773
239 1.3346857166850372
240 1.3346866521920535
241 1.3346874460393563
242 1.33468809769285
243 1.334688606640716
244 1.3346889723935103
245 1.3346891944842605
246 1.3346892724685546
247 1.3346892059246294
248 1.3346889944534484
249 1.3346886376787837
250 1.3346881352472872
251 1.3346874868285592
252 1.334686692115212
253 1.3346857508229328
254 1.3346846626905347
255 1.3346834274800106
256 1.334682044976579
257 1.334680514988726
258 1.3346788373482406
259 1.3346770119102496
260 1.3346750385532455
261 1.334672917179108
262 1.334670647713126
263 1.3346682301040103
264 1.3346656643239028
265 1.334662950368383
266 1.3346600882564668
267 1.3346570780306053
268 1.3346539197566736
269 1.3346506135239586
270 1.3346471594451408
271 1.334643557656272
272 1.3346398083167497
273 1.3346359116092827
274 1.334631867739857
275 1.3346276769376955
276 1.3346233394552112
277 1.334618855567958
278 1.3346142255745785
279 1.3346094497967418
280 1.3346045285790833
281 1.3345994622891357
282 1.3345942513172575
283 1.3345888960765562
284 1.3345833970028085
285 1.334577754554374
286 1.3345719692121072
287 1.3345660414792624
288 1.334559971881397
289 1.334553760966269
290 1.3345474093037304
291 1.334540917485618
292 1.3345342861256373
293 1.3345275158592445
294 1.3345206073435245
295 1.3345135612570644
296 1.3345063782998219
297 1.334499059192992
298 1.3344916046788677
299 1.3344840155206998
300 1.334476292502549
301 1.3344684364291375
302 1.334460448125695
303 1.3344523284378038
304 1.334444078231236
305 1.3344356983917909
306 1.3344271898251285
307 1.3344185534565962
308 1.3344097902310577
309 1.3344009011127131
310 1.334391887084921
311 1.3343827491500104
312 1.334373488329099
313 1.334364105661899
314 1.3343546022065265
315 1.3343449790393038
316 1.334335237254562
317 1.3343253779644388
318 1.3343154022986725
319 1.3343053114043977
320 1.3342951064459327
321 1.3342847886045683
322 1.3342743590783535
323 1.334263819081876
324 1.3342531698460445
325 1.3342424126178642
326 1.3342315486602152
327 1.3342205792516229
328 1.3342095056860304
329 1.3341983292725683
330 1.3341870513353202
331 1.334175673213089
332 1.3341641962591584
333 1.334152621841057
334 1.3341409513403144
335 1.3341291861522218
336 1.3341173276855869
337 1.3341053773624882
338 1.3340933366180294
339 1.3340812069000887
340 1.3340689896690725
341 1.3340566863976606
342 1.334044298570556
343 1.3340318276842302
344 1.3340192752466706
345 1.3340066427771216
346 1.33399393180583
347 1.3339811438737854
348 1.3339682805324642
349 1.3339553433435671
350 1.3339423338787597
351 1.3339292537194138
352 1.3339161044563415
353 1.3339028876895354
354 1.333889605027906
355 1.3338762580890176
356 1.3338628484988237
357 1.3338493778914051
358 1.3338358479087027
359 1.3338222602002536
360 1.3338086164229284
361 1.3337949182406625
362 1.3337811673241928
363 1.333767365350792
364 1.3337535140040033
365 1.3337396149733756
366 1.333725669954197
367 1.333711680647232
368 1.3336976487584533
369 1.3336835759987815
370 1.3336694640838165
371 1.333655314733577
372 1.3336411296722346
373 1.3336269106278522
374 1.3336126593321203
375 1.3335983775200952
376 1.3335840669299384
377 1.3335697293026534
378 1.3335553663818276
379 1.3335409799133717
380 1.333526571645261
381 1.3335121433272763
382 1.333497696710749
383 1.3334832335483016
384 1.333468755593594
385 1.3334542646010696
386 1.3334397623256986
387 1.333425250522728
388 1.3334107309474295
389 1.3333962053548472
390 1.33338167549955
391 1.3333671431353824
392 1.3333526100152175
393 1.3333380778907096
394 1.3333235485120516
395 1.3333090236277292
396 1.3332945049842806
397 1.3332799943260536
398 1.333265493394967
399 1.333251003930272
400 1.3332365276683151
401 1.3332220663423027
402 1.3332076216820665
403 1.3331931954138316
404 1.3331787892599853
405 1.3331644049388458
406 1.3331500441644357
407 1.3331357086462556
408 1.3331214000890572
409 1.333107120192621
410 1.3330928706515346
411 1.333078653154972
412 1.3330644693864742
413 1.333050321023734
414 1.3330362097383792
415 1.3330221371957587
416 1.3330081050547324
417 1.3329941149674587
418 1.3329801685791878
419 1.332966267528054
420 1.332952413444871
421 1.3329386079529284
422 1.3329248526677901
423 1.3329111491970964
424 1.3328974991403628
425 1.3328839040887874
426 1.3328703656250538
427 1.3328568853231415
428 1.3328434647481326
429 1.3328301054560256
430 1.3328168089935464
431 1.3328035768979647
432 1.3327904106969115
433 1.3327773119081954
434 1.3327642820396262
435 1.3327513225888354
436 1.3327384350431015
437 1.3327256208791767
438 1.3327128815631144
439 1.3327002185501005
440 1.3326876332842843
441 1.3326751271986137
442 1.3326627017146704
443 1.3326503582425078
444 1.3326380981804926
445 1.3326259229151434
446 1.3326138338209772
447 1.332601832260355
448 1.332589919583327
449 1.332578097127485
450 1.332566366217812
451 1.3325547281665369
452 1.3325431842729893
453 1.3325317358234574
454 1.332520384091046
455 1.3325091303355403
456 1.3324979758032662
457 1.3324869217269584
458 1.3324759693256245
459 1.3324651198044168
460 1.3324543743545025
461 1.332443734152936
462 1.3324332003625337
463 1.3324227741317527
464 1.332412456594568
465 1.3324022488703537
466 1.332392152063766
467 1.3323821672646277
468 1.3323722955478148
469 1.3323625379731452
470 1.332352895585269
471 1.3323433694135611
472 1.3323339604720157
473 1.3323246697591422
474 1.332315498257864
475 1.3323064469354178
476 1.3322975167432567
477 1.3322887086169535
478 1.332280023476107
479 1.3322714622242493
480 1.332263025748756
481 1.332254714920758
482 1.3322465305950548
483 1.33223847361003
484 1.3322305447875682
485 1.3322227449329758
486 1.3322150748348998
487 1.3322075352652536
488 1.3322001269791395
489 1.3321928507147776
490 1.3321857071934322
491 1.3321786971193448
492 1.3321718211796654
493 1.3321650800443867
494 1.332158474366281
495 1.3321520047808375
496 1.3321456719062035
497 1.332139476343125
498 1.332133418674891
499 1.3321274994672792
500 1.3321217192685035
501 1.3321160786091621
502 1.3321105780021911
503 1.3321052179428148
504 1.3320999989085018
505 1.3320949213589224
506 1.3320899857359065
507 1.3320851924634025
508 1.3320805419474422
509 1.3320760345761034
510 1.3320716707194753
511 1.332067450729628
512 1.3320633749405795
513 1.33205944366827
514 1.3320556572105329
515 1.3320520158470703
516 1.3320485198394314
517 1.3320451694309887
518 1.3320419648469208
519 1.332038906294193
520 1.3320359939615425
521 1.3320332280194644
522 1.332030608620199
523 1.332028135897721
524 1.3320258099677333
525 1.332023630927656
526 1.332021598856626
527 1.332019713815491
528 1.332017975846809
529 1.3320163849748488
530 1.3320149412055926
531 1.3320136445267396
532 1.3320124949077123
533 1.3320114922996638
534 1.3320106366354878
535 1.33200992782983
536 1.332009365779101
537 1.3320089503614911
538 1.3320086814369876
539 1.332008558847393
540 1.332008582416346
541 1.3320087519493427
542 1.3320090672337617
543 1.3320095280388893
544 1.3320101341159474
545 1.3320108851981232
546 1.3320117810006
547 1.3320128212205902
548 1.3320140055373717
549 1.3320153336123222
550 1.33201680508896
551 1.3320184195929832
552 1.3320201767323123
553 1.3320220760971337
554 1.332024117259947
555 1.3320262997756105
556 1.3320286231813923
557 1.3320310869970216
558 1.3320336907247412
559 1.3320364338493629
560 1.3320393158383235
561 1.332042336141745
562 1.3320454941924942
563 1.332048789406245
564 1.3320522211815418
565 1.3320557888998679
566 1.3320594919257107
567 1.3320633296066333
568 1.332067301273345
569 1.3320714062397747
570 1.3320756438031471
571 1.3320800132440584
572 1.3320845138265567
573 1.3320891447982222
574 1.3320939053902487
575 1.332098794817531
576 1.3321038122787479
577 1.3321089569564526
578 1.3321142280171625
579 1.3321196246114508
580 1.3321251458740406
581 1.3321307909239
582 1.332136558864341
583 1.3321424487831175
584 1.3321484597525275
585 1.332154590829516
586 1.3321608410557801
587 1.3321672094578763
588 1.3321736950473289
589 1.3321802968207406
590 1.3321870137599057
591 1.332193844831924
592 1.332200788989317
593 1.3322078451701476
594 1.3322150122981375
595 1.3322222892827928
596 1.3322296750195237
597 1.332237168389774
598 1.3322447682611462
599 1.3322524734875325
600 1.3322602829092463
601 1.3322681953531534
602 1.3322762096328102
603 1.3322843245485982
604 1.3322925388878641
605 1.332300851425061
606 1.3323092609218892
607 1.3323177661274435
608 1.3323263657783573
609 1.332335058598952
610 1.332343843301387
611 1.3323527185858115
612 1.3323616831405185
613 1.3323707356421004
614 1.3323798747556068
615 1.3323890991347034
616 1.3323984074218345
617 1.3324077982483848
618 1.3324172702348454
619 1.3324268219909792
620 1.3324364521159913
621 1.332446159198698
622 1.3324559418176996
623 1.3324657985415544
624 1.3324757279289552
625 1.3324857285289056
626 1.3324957988809005
627 1.332505937515107
628 1.332516142952547
629 1.332526413705283
630 1.3325367482766033
631 1.332547145161211
632 1.332557602845414
633 1.332568119807316
634 1.3325786945170117
635 1.3325893254367793
636 1.3326000110212795
637 1.332610749717752
638 1.3326215399662185
639 1.332632380199681
640 1.3326432688443282
641 1.3326542043197382
642 1.3326651850390876
643 1.332676209409357
644 1.3326872758315436
645 1.3326983827008698
646 1.3327095284069987
647 1.3327207113342467
648 1.3327319298618008
649 1.3327431823639344
650 1.3327544672102285
651 1.33276578276579
652 1.3327771273914741
653 1.3327884994441084
654 1.3327998972767165
655 1.3328113192387447
656 1.3328227636762877
657 1.3328342289323196
658 1.3328457133469225
659 1.3328572152575175
660 1.3328687329990978
661 1.332880264904462
662 1.332891809304449
663 1.3329033645281738
664 1.3329149289032656
665 1.3329265007561049
666 1.3329380784120637
667 1.3329496601957447
668 1.3329612444312249
669 1.3329728294422962
670 1.332984413552709
671 1.3329959950864163
672 1.3330075723678212
673 1.3330191437220194
674 1.3330307074750485
675 1.333042261954135
676 1.3330538054879428
677 1.3330653364068221
678 1.333076853043059
679 1.3330883537311269
680 1.3330998368079365
681 1.3331113006130886
682 1.333122743489124
683 1.3331341637817795
684 1.3331455598402375
685 1.333156930017382
686 1.3331682726700513
687 1.3331795861592917
688 1.3331908688506133
689 1.3332021191142431
690 1.3332133353253814
691 1.3332245158644547
692 1.3332356591173724
693 1.3332467634757819
694 1.3332578273373217
695 1.333268849105879
696 1.3332798271918425
697 1.333290760012359
698 1.3333016459915854
699 1.333312483560946
700 1.333323271159384
701 1.3333340072336162
702 1.333344690238386
703 1.3333553186367169
704 1.333365890900163
705 1.3333764055090624
706 1.3333868609527875
707 1.3333972557299945
708 1.3334075883488754
709 1.3334178573274034
710 1.3334280611935843
711 1.3334381984857018
712 1.333448267752564
713 1.333458267553748
714 1.333468196459845
715 1.3334780530527022
716 1.3334878359256652
717 1.3334975436838186
718 1.3335071749442253
719 1.333516728336163
720 1.3335262025013623
721 1.333535596094241
722 1.3335449077821373
723 1.3335541362455425
724 1.3335632801783308
725 1.333572338287986
726 1.3335813092958315
727 1.3335901919372535
728 1.3335989849619228
729 1.3336076871340186
730 1.333616297232445
731 1.3336248140510498
732 1.3336332363988384
733 1.3336415631001877
734 1.3336497929950546
735 1.3336579249391853
736 1.333665957804322
737 1.333673890478405
738 1.3336817218657746
739 1.333689450887368
740 1.3336970764809177
741 1.3337045976011426
742 1.3337120132199394
743 1.3337193223265704
744 1.333726523927848
745 1.3337336170483176
746 1.333740600730436
747 1.3337474740347492
748 1.3337542360400645
749 1.3337608858436198
750 1.3337674225612532
751 1.3337738453275643
752 1.3337801532960771
753 1.3337863456393968
754 1.3337924215493624
755 1.3337983802371998
756 1.3338042209336685
757 1.3338099428892047
758 1.3338155453740626
759 1.3338210276784501
760 1.3338263891126647
761 1.3338316290072203
762 1.3338367467129748
763 1.333841741601253
764 1.3338466130639635
765 1.3338513605137141
766 1.3338559833839245
767 1.3338604811289307
768 1.3338648532240895
769 1.333869099165879
770 1.3338732184719921
771 1.3338772106814296
772 1.3338810753545853
773 1.3338848120733322
774 1.3338884204410995
775 1.3338919000829483
776 1.333895250645644
777 1.3338984717977223
778 1.3339015632295501
779 1.3339045246533878
780 1.33390735580344
781 1.3339100564359079
782 1.3339126263290353
783 1.3339150652831486
784 1.333917373120695
785 1.3339195496862761
786 1.3339215948466758
787 1.3339235084908856
788 1.3339252905301242
789 1.3339269408978531
790 1.3339284595497887
791 1.3339298464639098
792 1.3339311016404585
793 1.333932225101942
794 1.3339332168931237
795 1.3339340770810146
796 1.3339348057548586
797 1.3339354030261135
798 1.3339358690284284
799 1.333936203917615
800 1.333936407871618
801 1.333936481090477
802 1.3339364237962867
803 1.3339362362331535
804 1.3339359186671462
805 1.3339354713862415
806 1.3339348947002676
807 1.3339341889408447
808 1.3339333544613161
809 1.3339323916366812
810 1.3339313008635185
811 1.3339300825599112
812 1.3339287371653619
813 1.3339272651407077
814 1.333925666968031
815 1.3339239431505636
816 1.3339220942125884
817 1.3339201206993387
818 1.3339180231768915
819 1.3339158022320563
820 1.3339134584722643
821 1.3339109925254464
822 1.3339084050399173
823 1.333905696684245
824 1.333902868147126
825 1.3338999201372514
826 1.3338968533831703
827 1.3338936686331506
828 1.3338903666550372
829 1.3338869482361038
830 1.3338834141829032
831 1.3338797653211145
832 1.3338760024953853
833 1.3338721265691726
834 1.3338681384245803
835 1.3338640389621903
836 1.333859829100895
837 1.3338555097777236
838 1.3338510819476668
839 1.3338465465834977
840 1.3338419046755903
841 1.3338371572317358
842 1.3338323052769532
843 1.3338273498533006
844 1.3338222920196836
845 1.3338171328516564
846 1.3338118734412259
847 1.3338065148966514
848 1.3338010583422397
849 1.3337955049181411
850 1.3337898557801404
851 1.3337841120994476
852 1.333778275062483
853 1.3337723458706654
854 1.3337663257401935
855 1.3337602159018267
856 1.3337540176006641
857 1.3337477320959235
858 1.3337413606607125
859 1.3337349045818057
860 1.3337283651594134
861 1.3337217437069524
862 1.3337150415508143
863 1.3337082600301315
864 1.333701400496541
865 1.3336944643139486
866 1.3336874528582918
867 1.3336803675172988
868 1.3336732096902477
869 1.3336659807877254
870 1.3336586822313834
871 1.3336513154536942
872 1.3336438818977046
873 1.3336363830167908
874 1.3336288202744082
875 1.3336211951438461
876 1.333613509107976
877 1.3336057636590024
878 1.3335979602982124
879 1.3335901005357218
880 1.3335821858902266
881 1.3335742178887464
882 1.333566198066374
883 1.3335581279660194
884 1.3335500091381574
885 1.3335418431405703
886 1.3335336315380968
887 1.3335253759023737
888 1.3335170778115801
889 1.3335087388501856
890 1.3335003606086893
891 1.333491944683369
892 1.3334834926760213
893 1.3334750061937095
894 1.333466486848504
895 1.3334579362572299
896 1.3334493560412095
897 1.3334407478260089
898 1.333432113241181
899 1.3334234539200125
900 1.3334147714992692
901 1.333406067618941
902 1.33339734392199
903 1.3333886020540966
904 1.3333798436634066
905 1.3333710704002815
906 1.3333622839170436
907 1.3333534858677283
908 1.333344677907833
909 1.3333358616940671
910 1.3333270388841052
911 1.3333182111363364
912 1.3333093801096216
913 1.3333005474630433
914 1.3332917148556627
915 1.3332828839462743
916 1.3332740563931642
917 1.3332652338538649
918 1.3332564179849182
919 1.33324761044163
920 1.3332388128778347
921 1.3332300269456565
922 1.3332212542952713
923 1.3332124965746723
924 1.3332037554294338
925 1.33319503250248
926 1.3331863294338515
927 1.3331776478604744
928 1.3331689894159322
929 1.3331603557302352
930 1.3331517484295967
931 1.3331431691362052
932 1.3331346194680007
933 1.3331261010384536
934 1.3331176154563416
935 1.3331091643255308
936 1.3331007492447577
937 1.3330923718074121
938 1.3330840336013217
939 1.3330757362085386
940 1.333067481205127
941 1.3330592701609536
942 1.3330511046394762
943 1.3330429861975392
944 1.3330349163851654
945 1.3330268967453536
946 1.333018928813875
947 1.333011014119073
948 1.3330031541816638
949 1.3329953505145384
950 1.3329876046225682
951 1.3329799180024093
952 1.3329722921423113
953 1.3329647285219262
954 1.3329572286121194
955 1.3329497938747836
956 1.332942425762652
957 1.332935125719116
958 1.3329278951780423
959 1.3329207355635937
960 1.3329136482900512
961 1.3329066347616363
962 1.3328996963723374
963 1.3328928345057374
964 1.3328860505348423
965 1.3328793458219108
966 1.3328727217182903
967 1.3328661795642476
968 1.3328597206888089
969 1.3328533464095953
970 1.3328470580326652
971 1.3328408568523544
972 1.3328347441511215
973 1.3328287211993928
974 1.3328227892554103
975 1.3328169495650812
976 1.3328112033618293
977 1.332805551866448
978 1.332799996286956
979 1.3327945378184538
980 1.3327891776429837
981 1.3327839169293887
982 1.3327787568331775
983 1.332773698496388
984 1.3327687430474533
985 1.332763891601071
986 1.3327591452580732
987 1.3327545051052996
988 1.3327499722154699
989 1.332745547647061
990 1.3327412324441852
991 1.332737027636469
992 1.3327329342389354
993 1.3327289532518876
994 1.332725085660794
995 1.3327213324361766
996 1.332717694533499
997 1.3327141728930594
998 1.3327107684398811
999 1.3327074820836102
1000 1.3327043147184103
1001 1.3327012672228635
1002 1.3326983404598682
1003 1.332695535276545
1004 1.3326928525041382
1005 1.3326902929579238
1006 1.3326878574371175
1007 1.3326855467247838
1008 1.3326833615877496
1009 1.3326813027765168
1010 1.3326793710251783
1011 1.3326775670513367
1012 1.3326758915560208
1013 1.3326743452236112
1014 1.3326729287217602
1015 1.3326716427013183
1016 1.3326704877962612
1017 1.3326694646236177
1018 1.332668573783401
1019 1.3326678158585423
1020 1.3326671914148236
1021 1.3326667010008146
1022 1.3326663451478111
1023 1.3326661243697744
1024 1.332666039163274
1025 1.3326660900074307
1026 1.332666277363862
1027 1.3326666016766306
1028 1.3326670633721915
1029 1.332667662859346
1030 1.3326684005291922
1031 1.3326692767550812
1032 1.3326702918925728
1033 1.332671446279395
1034 1.3326727402354026
1035 1.3326741740625427
1036 1.3326757480448148
1037 1.3326774624482385
1038 1.332679317520822
1039 1.3326813134925297
1040 1.3326834505752552
1041 1.3326857289627931
1042 1.3326881488308158
1043 1.332690710336848
1044 1.3326934136202477
1045 1.3326962588021853
1046 1.3326992459856262
1047 1.332702375255315
1048 1.3327056466777625
1049 1.332709060301231
1050 1.3327126161557274
1051 1.3327163142529923
1052 1.3327201545864937
1053 1.3327241371314222
1054 1.3327282618446892
1055 1.332732528664924
1056 1.332736937512476
1057 1.3327414882894157
1058 1.3327461808795407
1059 1.3327510151483797
1060 1.3327559909432034
1061 1.332761108093032
1062 1.3327663664086467
1063 1.3327717656826061
1064 1.3327773056892578
1065 1.332782986184759
1066 1.332788806907093
1067 1.3327947675760914
1068 1.3328008678934562
1069 1.3328071075427859
1070 1.3328134861895993
1071 1.332820003481366
1072 1.3328266590475355
1073 1.3328334524995702
1074 1.3328403834309779
1075 1.3328474514173483
1076 1.3328546560163907
1077 1.332861996767973
1078 1.3328694731941628
1079 1.3328770847992717
1080 1.332884831069899
1081 1.3328927114749798
1082 1.332900725465832
1083 1.33290887247621
1084 1.3329171519223533
1085 1.3329255632030443
1086 1.3329341056996638
1087 1.3329427787762471
1088 1.3329515817795468
1089 1.3329605140390939
1090 1.33296957486726
1091 1.3329787635593267
1092 1.3329880793935491
1093 1.3329975216312284
1094 1.333007089516782
1095 1.3330167822778176
1096 1.3330265991252077
1097 1.3330365392531676
1098 1.333046601839334
1099 1.3330567860448463
1100 1.3330670910144298
1101 1.3330775158764807
1102 1.3330880597431511
1103 1.3330987217104413
1104 1.3331095008582872
1105 1.333120396250654
1106 1.3331314069356328
1107 1.3331425319455337
1108 1.3331537702969865
1109 1.3331651209910407
1110 1.3331765830132676
1111 1.333188155333865
1112 1.3331998369077631
1113 1.3332116266747336
1114 1.3332235235594982
1115 1.3332355264718425
1116 1.3332476343067297
1117 1.333259845944416
1118 1.3332721602505695
1119 1.3332845760763903
1120 1.3332970922587313
1121 1.3333097076202238
1122 1.3333224209694021
1123 1.3333352311008324
1124 1.3333481367952427
1125 1.3333611368196536
1126 1.3333742299275144
1127 1.3333874148588352
1128 1.3334006903403293
1129 1.33341405508555
1130 1.3334275077950328
1131 1.33344104715644
1132 1.333454671844706
1133 1.3334683805221852
1134 1.3334821718388008
1135 1.3334960444321984
1136 1.3335099969278976
1137 1.3335240279394496
1138 1.3335381360685925
1139 1.3335523199054127
1140 1.3335665780285064
1141 1.333580909005142
1142 1.3335953113914265
1143 1.3336097837324727
1144 1.3336243245625672
1145 1.3336389324053446
1146 1.3336536057739588
1147 1.3336683431712577
1148 1.3336831430899625
1149 1.3336980040128443
1150 1.3337129244129073
1151 1.3337279027535702
1152 1.3337429374888512
1153 1.3337580270635554
1154 1.3337731699134627
1155 1.3337883644655202
1156 1.333803609138031
1157 1.3338189023408515
1158 1.3338342424755858
1159 1.333849627935786
1160 1.3338650571071493
1161 1.3338805283677202
1162 1.3338960400880957
1163 1.3339115906316283
1164 1.333927178354635
1165 1.333942801606604
1166 1.3339584587304083
1167 1.333974148062515
1168 1.333989867933201
1169 1.3340056166667686
1170 1.3340213925817632
1171 1.3340371939911908
1172 1.334053019202743
1173 1.3340688665190148
1174 1.334084734237731
1175 1.3341006206519734
1176 1.334116524050405
1177 1.3341324427175019
1178 1.3341483749337817
1179 1.334164318976038
1180 1.334180273117571
1181 1.3341962356284247
1182 1.3342122047756237
1183 1.334228178823409
1184 1.3342441560334803
1185 1.3342601346652352
1186 1.3342761129760115
1187 1.3342920892213301
1188 1.3343080616551424
1189 1.3343240285300733
1190 1.3343399880976712
1191 1.3343559386086543
1192 1.3343718783131624
1193 1.3343878054610074
1194 1.3344037183019246
1195 1.334419615085827
1196 1.3344354940630592
1197 1.334451353484652
1198 1.3344671916025812
1199 1.3344830066700213
1200 1.334498796941606
1201 1.3345145606736877
1202 1.3345302961245966
1203 1.3345460015549007
1204 1.334561675227669
1205 1.3345773154087333
1206 1.3345929203669498
1207 1.3346084883744649
1208 1.3346240177069777
1209 1.3346395066440053
1210 1.3346549534691492
1211 1.3346703564703593
1212 1.3346857139402004
1213 1.3347010241761208
1214 1.3347162854807164
1215 1.334731496161999
1216 1.3347466545336648
1217 1.334761758915361
1218 1.3347768076329534
1219 1.3347917990187936
1220 1.334806731411989
1221 1.3348216031586684
1222 1.334836412612251
1223 1.334851158133714
1224 1.3348658380918597
1225 1.334880450863582
1226 1.3348949948341355
1227 1.3349094683973994
1228 1.334923869956145
1229 1.334938197922302
1230 1.334952450717223
1231 1.334966626771947
1232 1.3349807245274654
1233 1.3349947424349846
1234 1.3350086789561866
1235 1.3350225325634941
1236 1.3350363017403286
1237 1.3350499849813715
1238 1.3350635807928215
1239 1.335077087692655
1240 1.33509050421088
1241 1.3351038288897936
1242 1.3351170602842355
1243 1.33513019696184
1244 1.3351432375032888
1245 1.3351561805025611
1246 1.3351690245671806
1247 1.3351817683184646
1248 1.3351944103917675
1249 1.3352069494367258
1250 1.3352193841174993
1251 1.335231713113011
1252 1.3352439351171854
1253 1.3352560488391851
1254 1.3352680530036452
1255 1.3352799463509033
1256 1.3352917276372327
1257 1.3353033956350664
1258 1.3353149491332263
1259 1.3353263869371423
1260 1.335337707869077
1261 1.3353489107683396
1262 1.3353599944915064
1263 1.3353709579126285
1264 1.3353817999234463
1265 1.3353925194335947
1266 1.33540311537081
1267 1.3354135866811283
1268 1.3354239323290888
1269 1.3354341512979275
1270 1.3354442425897706
1271 1.335454205225824
1272 1.3354640382465603
1273 1.3354737407119035
1274 1.335483311701407
1275 1.3354927503144334
1276 1.3355020556703252
1277 1.3355112269085774
1278 1.3355202631890017
1279 1.3355291636918922
1280 1.3355379276181825
1281 1.3355465541896032
1282 1.3355550426488334
1283 1.3355633922596484
1284 1.3355716023070663
1285 1.335579672097486
1286 1.3355876009588254
1287 1.3355953882406562
1288 1.335603033314328
1289 1.3356105355730985
1290 1.3356178944322503
1291 1.3356251093292097
1292 1.3356321797236579
1293 1.3356391050976415
1294 1.3356458849556736
1295 1.3356525188248358
1296 1.335659006254873
1297 1.3356653468182849
1298 1.335671540110412
1299 1.3356775857495198
1300 1.3356834833768743
1301 1.3356892326568184
1302 1.3356948332768386
1303 1.335700284947631
1304 1.3357055874031605
1305 1.3357107404007174
1306 1.335715743720967
1307 1.3357205971679977
1308 1.3357253005693608
1309 1.33572985377611
1310 1.335734256662831
1311 1.3357385091276723
1312 1.3357426110923667
1313 1.3357465625022507
1314 1.3357503633262777
1315 1.3357540135570283
1316 1.3357575132107142
1317 1.3357608623271782
1318 1.3357640609698889
1319 1.3357671092259327
1320 1.335770007205998
1321 1.3357727550443583
1322 1.3357753528988472
1323 1.3357778009508312
1324 1.3357800994051754
1325 1.335782248490209
1326 1.3357842484576807
1327 1.3357860995827135
1328 1.3357878021637533
1329 1.3357893565225123
1330 1.3357907630039094
1331 1.3357920219760062
1332 1.3357931338299356
1333 1.3357940989798298
1334 1.3357949178627415
1335 1.3357955909385597
1336 1.3357961186899254
1337 1.3357965016221367
1338 1.3357967402630564
1339 1.3357968351630083
1340 1.3357967868946758
1341 1.3357965960529912
1342 1.3357962632550233
1343 1.3357957891398609
1344 1.3357951743684893
1345 1.335794419623669
1346 1.3357935256098017
1347 1.3357924930528002
1348 1.3357913226999496
1349 1.335790015319765
1350 1.33578857170185
1351 1.3357869926567432
1352 1.3357852790157672
1353 1.335783431630874
1354 1.3357814513744808
1355 1.33577933913931
1356 1.3357770958382194
1357 1.3357747224040317
1358 1.3357722197893604
1359 1.3357695889664327
1360 1.3357668309269048
1361 1.3357639466816826
1362 1.3357609372607309
1363 1.335757803712881
1364 1.3357545471056402
1365 1.3357511685249923
1366 1.3357476690751975
1367 1.3357440498785895
1368 1.3357403120753706
1369 1.3357364568234014
1370 1.3357324852979886
1371 1.335728398691673
1372 1.3357241982140107
1373 1.3357198850913539
1374 1.3357154605666282
1375 1.3357109258991102
1376 1.3357062823641979
1377 1.3357015312531828
1378 1.3356966738730174
1379 1.3356917115460833
1380 1.335686645609954
1381 1.3356814774171566
1382 1.3356762083349325
1383 1.335670839744995
1384 1.3356653730432873
1385 1.335659809639733
1386 1.3356541509579936
1387 1.3356483984352157
1388 1.335642553521782
1389 1.3356366176810586
1390 1.335630592389143
1391 1.335624479134605
1392 1.3356182794182347
1393 1.3356119947527823
1394 1.335605626662698
1395 1.3355991766838757
1396 1.3355926463633876
1397 1.3355860372592236
1398 1.335579350940029
1399 1.3355725889848375
1400 1.3355657529828082
1401 1.3355588445329591
1402 1.335551865243901
1403 1.3355448167335677
1404 1.3355377006289517
1405 1.3355305185658322
1406 1.3355232721885082
1407 1.3355159631495275
1408 1.3355085931094182
1409 1.3355011637364174
1410 1.3354936767062002
1411 1.3354861337016108
1412 1.3354785364123887
1413 1.3354708865349005
1414 1.335463185771867
1415 1.335455435832092
1416 1.3354476384301919
1417 1.3354397952863242
1418 1.3354319081259172
1419 1.3354239786793973
1420 1.3354160086819211
1421 1.3354079998731043
1422 1.33539995399675
1423 1.3353918728005825
1424 1.3353837580359744
1425 1.3353756114576818
1426 1.3353674348235731
1427 1.3353592298943635
1428 1.3353509984333474
1429 1.3353427422061308
1430 1.3353344629803683
1431 1.3353261625254955
1432 1.3353178426124679
1433 1.335309505013493
1434 1.3353011515017739
1435 1.3352927838512423
1436 1.3352844038363
1437 1.3352760132315613
1438 1.3352676138115893
1439 1.3352592073506433
1440 1.3352507956224182
1441 1.335242380399792
1442 1.3352339634545691
1443 1.3352255465572285
1444 1.3352171314766705
1445 1.3352087199799672
1446 1.3352003138321111
1447 1.3351919147957687
1448 1.3351835246310324
1449 1.3351751450951739
1450 1.3351667779424023
1451 1.335158424923619
1452 1.3351500877861764
1453 1.335141768273638
1454 1.3351334681255402
1455 1.3351251890771554
1456 1.3351169328592534
1457 1.335108701197872
1458 1.335100495814079
1459 1.3350923184237458
1460 1.3350841707373158
1461 1.3350760544595748
1462 1.3350679712894282
1463 1.3350599229196745
1464 1.335051911036781
1465 1.335043937320665
1466 1.3350360034444735
1467 1.3350281110743631
1468 1.335020261869287
1469 1.3350124574807782
1470 1.3350046995527372
1471 1.3349969897212217
1472 1.3349893296142372
1473 1.3349817208515289
1474 1.3349741650443763
1475 1.3349666637953896
1476 1.334959218698308
1477 1.3349518313377982
1478 1.3349445032892573
1479 1.334937236118616
1480 1.3349300313821433
1481 1.3349228906262542
1482 1.3349158153873197
1483 1.3349088071914748
1484 1.3349018675544342
1485 1.3348949979813065
1486 1.3348881999664093
1487 1.3348814749930888
1488 1.3348748245335404
1489 1.3348682500486306
1490 1.334861752987721
1491 1.334855334788494
1492 1.3348489968767832
1493 1.3348427406664003
1494 1.334836567558969
1495 1.3348304789437584
1496 1.3348244761975179
1497 1.3348185606843168
1498 1.3348127337553821
1499 1.3348069967489413
1500 1.334801350990065
1501 1.3347957977905127
1502 1.3347903384485822
1503 1.3347849742489546
1504 1.3347797064625502
1505 1.3347745363463792
1506 1.3347694651433974
1507 1.334764494082364
1508 1.3347596243776996
1509 1.3347548572293484
1510 1.3347501938226412
1511 1.3347456353281597
1512 1.3347411829016023
1513 1.334736837683656
1514 1.3347326007998648
1515 1.3347284733605036
1516 1.334724456460452
1517 1.3347205511790705
1518 1.3347167585800819
1519 1.3347130797114486
1520 1.3347095156052555
1521 1.3347060672775963
1522 1.3347027357284584
1523 1.3346995219416107
1524 1.3346964268844947
1525 1.334693451508116
1526 1.334690596746939
1527 1.3346878635187804
1528 1.3346852527247117
1529 1.334682765248954
1530 1.3346804019587821
1531 1.334678163704428
1532 1.3346760513189864
1533 1.3346740656183205
1534 1.3346722074009731
1535 1.3346704774480778
1536 1.3346688765232704
1537 1.3346674053726042
1538 1.3346660647244686
1539 1.3346648552895062
1540 1.3346637777605335
1541 1.3346628328124641
1542 1.334662021102232
1543 1.3346613432687195
1544 1.334660799932683
1545 1.3346603916966846
1546 1.3346601191450247
1547 1.3346599828436725
1548 1.3346599833402057
1549 1.3346601211637452
1550 1.334660396824895
1551 1.3346608108156826
1552 1.3346613636095048
1553 1.3346620556610693
1554 1.3346628874063435
1555 1.334663859262501
1556 1.3346649716278753
1557 1.334666224881909
1558 1.3346676193851084
1559 1.334669155479002
1560 1.3346708334860942
1561 1.3346726537098288
1562 1.3346746164345478
1563 1.334676721925456
1564 1.3346789704285855
1565 1.3346813621707636
1566 1.3346838973595803
1567 1.33468657618336
1568 1.3346893988111341
1569 1.3346923653926135
1570 1.3346954760581677
1571 1.3346987309187996
1572 1.334702130066128
1573 1.3347056735723672
1574 1.3347093614903118
1575 1.3347131938533217
1576 1.3347171706753087
1577 1.3347212919507259
1578 1.334725557654558
1579 1.334729967742315
1580 1.3347345221500255
1581 1.3347392207942335
1582 1.3347440635719963
1583 1.334749050360885
1584 1.3347541810189851
1585 1.3347594553849016
1586 1.3347648732777635
1587 1.3347704344972309
1588 1.3347761388235053
1589 1.3347819860173396
1590 1.3347879758200507
1591 1.3347941079535353
1592 1.3348003821202852
1593 1.3348067980034066
1594 1.3348133552666395
1595 1.334820053554381
1596 1.3348268924917077
1597 1.3348338716844024
